  46,   0,   0,   1,   1,   0,   0,   0,  99,   0,  17,   0,   7,   0,   0,   0,   0,  10,  15,   0,   0,   0,   0,  29,   0,   0,   0,   0,   0,   0,   0,   0,   0,   0,   0,   0,   0,
      1.327100,      0.301800,      0.227700,      1.023000,      0.483200,      0.237600,      0.196200,      0.000000,      6.080000,      0.054000,      0.210000,      0.109000,     21.738000,      0.900000,      0.100000,     20.800000,      0.000000,'    bpagen     ',
      1.228600,      0.280800,      0.204700,      0.899500,      0.498800,      0.204300,      0.182500,      0.000000,      8.600000,      0.066000,      0.360000,      0.129000,     27.879000,      0.900000,      0.100000,     18.900000,      0.000000,'    bpagen     ',
      2.035900,      0.285800,      0.222500,      1.976600,      0.460000,      0.222200,      0.185800,      0.000000,      8.580000,      0.042000,      1.200000,      0.066000,     39.115000,      0.900000,      0.100000,     20.600000,      0.000000,'    bpagen     ',
      1.953200,      0.283300,      0.209000,      1.752400,      0.387800,      0.204600,      0.184100,      0.000000,      7.940000,      0.050000,      0.640000,      0.064000,     10.263000,      0.900000,      0.100000,     20.400000,      0.000000,'    bpagen     ',
      1.849300,      0.273700,      0.194600,      1.684800,      0.363500,      0.197000,      0.177900,      0.000000,      9.360000,      0.046000,      1.100000,      0.090000,     17.734000,      0.900000,      0.100000,     20.300000,      0.000000,'    bpagen     ',
      1.920700,      0.264100,      0.190200,      1.766200,      0.351900,      0.190200,      0.171700,      0.000000,      6.920000,      0.047000,      0.600000,      0.072000,      8.167000,      0.900000,      0.100000,     19.600000,      0.000000,'    bpagen     ',
      2.000800,      0.276300,      0.204900,      1.895500,      0.351600,      0.203000,      0.179600,      0.000000,      7.730000,      0.066000,      0.750000,      0.132000,     10.985000,      0.900000,      0.100000,     20.000000,      0.000000,'    bpagen     ',
      2.509100,      0.261600,      0.214100,      2.406200,      0.557600,      0.231400,      0.170000,      0.000000,      9.470000,      0.037000,      1.500000,      0.111000,      7.781000,      0.800000,      0.200000,     20.200000,      0.000000,'    bpagen     ',
      1.347200,      0.267000,      0.194600,      1.023700,      0.503100,      0.199000,      0.173500,      0.000000,      9.990000,      0.059000,      0.540000,      0.125000,     10.580000,      0.900000,      0.100000,      3.900000,      0.000000,'    bpagen     ',
      1.921000,      0.261800,      0.220400,      1.877700,      0.427300,      0.218200,      0.170200,      0.000000,      7.200000,      0.043000,      0.830000,      0.072000,     11.967000,      0.900000,      0.100000,     19.800000,      0.000000,'    bpagen     ',
      1.976200,      0.224300,      0.160200,      1.846800,      0.375400,      0.169000,      0.145800,      0.000000,      8.860000,      0.034000,      2.100000,      0.042000,      5.665000,      0.900000,      0.100000,     19.300000,      0.000000,'    bpagen     ',
      1.862900,      0.253800,      0.204900,      1.841700,      0.403500,      0.203100,      0.165000,      0.000000,      7.940000,      0.043000,      0.960000,      0.069000,     12.928000,      0.900000,      0.100000,     18.800000,      0.000000,'    bpagen     ',
      1.908600,      0.266900,      0.214000,      1.882500,      0.427300,      0.211600,      0.173500,      0.000000,      8.740000,      0.043000,      0.950000,      0.068000,     15.526000,      0.900000,      0.100000,     19.000000,      0.000000,'    bpagen     ',
      2.199000,      0.278800,      0.234500,      2.134600,      0.563000,      0.244400,      0.181200,      0.000000,      7.470000,      0.039000,      1.100000,      0.092000,     12.039000,      0.800000,      0.200000,     20.700000,      0.000000,'    bpagen     ',
      1.891200,      0.255900,      0.210500,      1.867000,      0.401500,      0.208300,      0.166300,      0.000000,      7.890000,      0.043000,      0.950000,      0.068000,      9.825000,      0.900000,      0.100000,     19.700000,      0.000000,'    bpagen     ',
      1.891200,      0.255900,      0.210500,      1.867000,      0.401500,      0.208300,      0.166300,      0.000000,      8.000000,      0.043000,      0.950000,      0.068000,      9.825000,      0.900000,      0.100000,     20.500000,      0.000000,'    bpagen     ',
      2.090000,      0.313000,      0.238000,      1.980000,      0.600000,      0.238000,      0.203400,      0.000000,      9.480000,      0.030000,      0.830000,      0.030000,      9.230000,      0.800000,      0.200000,      7.300000,      0.000000,'    bpagen     ',
      2.090000,      0.313000,      0.238000,      1.980000,      0.600000,      0.238000,      0.203400,      0.000000,      9.640000,      0.030000,      0.830000,      0.030000,      9.230000,      0.800000,      0.200000,      7.300000,      0.000000,'    bpagen     ',
      2.090000,      0.313000,      0.265000,      1.980000,      0.600000,      0.208000,      0.203400,      0.000000,      9.380000,      0.080000,      2.300000,      0.116000,      7.124000,      0.900000,      0.000000,      9.000000,      0.000000,'    bpagen     ',
      1.433100,      0.261200,      0.194100,      1.040300,      0.670200,      0.200400,      0.169800,      0.000000,     10.900000,      0.039000,      0.500000,      0.088000,      7.834000,      0.800000,      0.200000,     20.000000,      0.000000,'    bpagen     ',
      2.150000,      0.340000,      0.230000,      2.080000,      0.448000,      0.260000,      0.221000,      0.000000,      9.400000,      0.041000,      0.620000,      0.048000,      8.000000,      0.900000,      0.100000,     10.700000,      0.000000,'    bpagen     ',
      2.415000,      0.340000,      0.230000,      2.080000,      0.479000,      0.260000,      0.221000,      0.000000,      9.230000,      0.045000,      0.960000,      0.069000,      8.000000,      0.800000,      0.200000,      8.800000,      0.000000,'    bpagen     ',
      2.150000,      0.340000,      0.230000,      2.080000,      0.448000,      0.260000,      0.221000,      0.000000,      9.500000,      0.041000,      0.620000,      0.048000,      8.000000,      0.900000,      0.100000,     10.700000,      0.000000,'    bpagen     ',
      1.861000,      0.200000,      0.155000,      1.814000,      0.378000,      0.166000,      0.130000,      0.000000,      8.650000,      0.030000,      0.940000,      0.050000,      8.391000,      0.900000,      0.100000,      6.900000,      0.000000,'    bpagen     ',
      1.861000,      0.200000,      0.155000,      1.814000,      0.378000,      0.166000,      0.130000,      0.000000,      8.650000,      0.030000,      0.940000,      0.050000,      8.391000,      0.900000,      0.100000,      6.900000,      0.000000,'    bpagen     ',
      1.861000,      0.200000,      0.166000,      1.814000,      0.378000,      0.171000,      0.130000,      0.000000,      8.650000,      0.030000,      0.940000,      0.050000,      8.391000,      0.900000,      0.100000,      6.900000,      0.000000,'    bpagen     ',
      1.861000,      0.200000,      0.155000,      1.814000,      0.378000,      0.165000,      0.130000,      0.000000,      8.660000,      0.030000,      0.940000,      0.050000,      8.383000,      0.900000,      0.100000,      6.300000,      0.000000,'    bpagen     ',
      1.861000,      0.200000,      0.151000,      1.814000,      0.378000,      0.161000,      0.130000,      0.000000,      8.290000,      0.045000,      0.940000,      0.079000,      8.391000,      0.900000,      0.100000,      7.600000,      0.000000,'    bpagen     ',
      1.861000,      0.200000,      0.151000,      1.814000,      0.378000,      0.161000,      0.130000,      0.000000,      8.470000,      0.045000,      0.940000,      0.079000,      8.391000,      0.800000,      0.200000,      4.800000,      0.000000,'    bpagen     ',
      1.910000,      0.297000,      0.249000,      1.870000,      0.473000,      0.245000,      0.193000,      0.000000,      7.530000,      0.042000,      0.960000,      0.067000,     10.602000,      0.900000,      0.100000,      8.300000,      0.000000,'    bpagen     ',
      1.910000,      0.297000,      0.249000,      1.870000,      0.473000,      0.245000,      0.193000,      0.000000,      6.980000,      0.042000,      0.960000,      0.067000,     10.602000,      0.900000,      0.100000,      8.200000,      0.000000,'    bpagen     ',
      1.910000,      0.297000,      0.249000,      1.870000,      0.473000,      0.245000,      0.193000,      0.000000,      8.580000,      0.042000,      0.960000,      0.067000,     10.598000,      0.900000,      0.100000,      6.400000,      0.000000,'    bpagen     ',
      1.910000,      0.297000,      0.249000,      1.870000,      0.473000,      0.245000,      0.193000,      0.000000,      8.610000,      0.042000,      0.960000,      0.067000,     10.598000,      0.900000,      0.100000,      8.600000,      0.000000,'    bpagen     ',
      1.891000,      0.297000,      0.249000,      1.870000,      0.473000,      0.245000,      0.193000,      0.000000,      8.610000,      0.042000,      0.960000,      0.067000,     10.598000,      0.900000,      0.100000,      8.600000,      0.000000,'    bpagen     ',
      2.470000,      0.250000,      0.190000,      2.300000,      0.410000,      0.200000,      0.162500,      0.000000,     11.600000,      0.021000,      0.900000,      0.032000,     13.200000,      0.900000,      0.100000,      8.000000,      0.000000,'    bpagen     ',
      1.857000,      0.243100,      0.204000,      1.834000,      0.413400,      0.202000,      0.158000,      0.000000,      7.700000,      0.042000,      0.730000,      0.074000,      7.979000,      0.900000,      0.100000,      5.500000,      0.000000,'    bpagen     ',
      1.082000,      0.224000,      0.179000,      0.690000,      0.690000,      0.167000,      0.145600,      0.000000,     13.000000,      0.020000,      0.700000,      0.070000,      9.431000,      0.800000,      0.200000,      6.500000,      0.000000,'    bpagen     ',
      1.082000,      0.224000,      0.179000,      0.690000,      0.690000,      0.167000,      0.145600,      0.000000,     13.000000,      0.020000,      0.700000,      0.072000,      9.431000,      0.800000,      0.200000,      7.200000,      0.000000,'    bpagen     ',
      1.082000,      0.224000,      0.179000,      0.690000,      0.690000,      0.169000,      0.145600,      0.001000,     12.700000,      0.020000,      0.700000,      0.070000,      9.431000,      0.800000,      0.200000,      7.200000,      0.000000,'    bpagen     ',
      1.080000,      0.224000,      0.179000,      0.690000,      0.690000,      0.167000,      0.145600,      0.001000,     13.100000,      0.023000,      0.700000,      0.072000,      9.431000,      0.800000,      0.200000,      6.800000,      0.000000,'    bpagen     ',
      2.090000,      0.313000,      0.238000,      1.980000,      0.600000,      0.238000,      0.203400,      0.000000,      9.380000,      0.030000,      2.300000,      0.210000,      7.399000,      0.900000,      0.000000,      9.000000,      0.000000,'    bpagen     ',
      0.413900,      0.056500,      0.049100,      0.410600,      0.096900,      0.035200,      0.036700,      0.000000,      5.790000,      0.046000,      0.000000,      0.046000,     47.094000,      0.900000,      0.100000,      8.600000,      0.000000,'    bpagen     ',
      0.420800,      0.056500,      0.049100,      0.410600,      0.096900,      0.035200,      0.036700,      0.000000,      5.790000,      0.046000,      0.000000,      0.046000,     47.094000,      0.900000,      0.100000,      8.600000,      0.000000,'    bpagen     ',
      0.423200,      0.056500,      0.049100,      0.410600,      0.096900,      0.035200,      0.036700,      0.000000,      5.790000,      0.046000,      0.000000,      0.046000,     47.094000,      0.900000,      0.100000,      8.600000,      0.000000,'    bpagen     ',
      0.502900,      0.068600,      0.048000,      0.480000,      0.274300,      0.059400,      0.044600,      0.000000,      7.250000,      0.020000,      2.800000,      0.250000,     25.724000,      0.900000,      0.100000,      8.600000,      0.000000,'    bpagen     ',
      0.265800,      0.043000,      0.036400,      0.252000,      0.172000,      0.036400,      0.027900,      0.000000,      6.500000,      0.030000,      0.000000,      0.050000,     52.770000,      0.900000,      0.100000,      8.600000,      0.000000,'    bpagen     ',
     25.000000,      1.000000,      0.000000,      1.005000,     -1.005000,      1.000000,      0.000000,      0.000000,      0.250000, 100000.000000,      1.500000,      0.000000,      0.300000,     10.600000,'    BPAGOV'
      0.020000,      0.295000,      0.120000,      0.150000,      2.000000,      0.011600,      0.576000,      2.000000,'  MOTOR 1 ',
  1.0000,  0.0000,  0.0000,  1.2000,  2.0000,  1.0000,  0.0000,  0.0000, -2.0000,  2.0000,'    BPALOD',
  1.0000,  0.0000,  0.0000,  1.8000,  2.0000,  1.0000,  0.0000,  0.0000, -2.0000,  2.0000,'    BPALOD',
  0.4000,  0.3000,  0.3000,  2.0000,  2.0000,  0.4000,  0.3000,  0.3000, -2.0000,  2.0000,'    BPALOD',
  0.0000,  0.0000,  0.0000,  0.0000,  0.0000,  0.0000,  0.0000,  0.0000,  0.0000,  0.0000,'      '   ',
  0.0000,  0.0000,  0.0000,  0.0000,  0.0000,  0.0000,  0.0000,  0.0000,  0.0000,  0.0000,'      '   ',
  0.0000,  0.0000,  0.0000,  0.0000,  0.0000,  0.0000,  0.0000,  0.0000,  0.0000,  0.0000,'      '   ',
  0.0000,  0.0000,  0.0000,  0.0000,  0.0000,  0.0000,  0.0000,  0.0000,  0.0000,  0.0000,'      '   ',
  0.0000,  0.0000,  0.0000,  0.0000,  0.0000,  0.0000,  0.0000,  0.0000,  0.0000,  0.0000,'      '   ',
  0.0000,  0.0000,  0.0000,  0.0000,  0.0000,  0.0000,  0.0000,  0.0000,  0.0000,  0.0000,'      '   ',
  0.0000,  0.0000,  0.0000,  0.0000,  0.0000,  0.0000,  0.0000,  0.0000,  0.0000,  0.0000,'      '   ',
  0.0000,  0.0000,  0.0000,  0.0000,  0.0000,  0.0000,  0.0000,  0.0000,  0.0000,  0.0000,'      '   ',
  0.0000,  0.0000,  0.0000,  0.0000,  0.0000,  0.0000,  0.0000,  0.0000,  0.0000,  0.0000,'      '   ',
  0.0000,  0.0000,  0.0000,  0.0000,  0.0000,  0.0000,  0.0000,  0.0000,  0.0000,  0.0000,'      '   ',
  0.0000,  0.0000,  0.0000,  0.0000,  0.0000,  0.0000,  0.0000,  0.0000,  0.0000,  0.0000,'      '   ',
  0.0000,  0.0000,  0.0000,  0.0000,  0.0000,  0.0000,  0.0000,  0.0000,  0.0000,  0.0000,'      '   ',
  0.0000,  0.0000,  0.0000,  0.0000,  0.0000,  0.0000,  0.0000,  0.0000,  0.0000,  0.0000,'      '   ',
  0.0000,  0.0000,  0.0000,  0.0000,  0.0000,  0.0000,  0.0000,  0.0000,  0.0000,  0.0000,'      '   ',
  0.0000,  0.0000,  0.0000,  0.0000,  0.0000,  0.0000,  0.0000,  0.0000,  0.0000,  0.0000,'      '   ',
  0.0000,  0.0000,  0.0000,  0.0000,  0.0000,  0.0000,  0.0000,  0.0000,  0.0000,  0.0000,'      '   ',
  0.0000,  0.0000,  0.0000,  0.0000,  0.0000,  0.0000,  0.0000,  0.0000,  0.0000,  0.0000,'      '   ',
  0.0000,  0.0000,  0.0000,  0.0000,  0.0000,  0.0000,  0.0000,  0.0000,  0.0000,  0.0000,'      '   ',
  0.0000,  0.0000,  0.0000,  0.0000,  0.0000,  0.0000,  0.0000,  0.0000,  0.0000,  0.0000,'      '   ',
  0.0000,  0.0000,  0.0000,  0.0000,  0.0000,  0.0000,  0.0000,  0.0000,  0.0000,  0.0000,'      '   ',
  0.0000,  0.0000,  0.0000,  0.0000,  0.0000,  0.0000,  0.0000,  0.0000,  0.0000,  0.0000,'      '   ',
  0.0000,  0.0000,  0.0000,  0.0000,  0.0000,  0.0000,  0.0000,  0.0000,  0.0000,  0.0000,'      '   ',
  0.0000,  0.0000,  0.0000,  0.0000,  0.0000,  0.0000,  0.0000,  0.0000,  0.0000,  0.0000,'      '   ',
  0.0000,  0.0000,  0.0000,  0.0000,  0.0000,  0.0000,  0.0000,  0.0000,  0.0000,  0.0000,'      '   ',
  0.0000,  0.0000,  0.0000,  0.0000,  0.0000,  0.0000,  0.0000,  0.0000,  0.0000,  0.0000,'      '   ',
  0.0000,  0.0000,  0.0000,  0.0000,  0.0000,  0.0000,  0.0000,  0.0000,  0.0000,  0.0000,'      '   ',
  0.0000,  0.0000,  0.0000,  0.0000,  0.0000,  0.0000,  0.0000,  0.0000,  0.0000,  0.0000,'      '   ',
  0.0000,  0.0000,  0.0000,  0.0000,  0.0000,  0.0000,  0.0000,  0.0000,  0.0000,  0.0000,'      '   ',
  0.0000,  0.0000,  0.0000,  0.0000,  0.0000,  0.0000,  0.0000,  0.0000,  0.0000,  0.0000,'      '   ',
  0.0000,  0.0000,  0.0000,  0.0000,  0.0000,  0.0000,  0.0000,  0.0000,  0.0000,  0.0000,'      '   ',
  0.0000,  0.0000,  0.0000,  0.0000,  0.0000,  0.0000,  0.0000,  0.0000,  0.0000,  0.0000,'      '   ',
  0.0000,  0.0000,  0.0000,  0.0000,  0.0000,  0.0000,  0.0000,  0.0000,  0.0000,  0.0000,'      '   ',
  0.0000,  0.0000,  0.0000,  0.0000,  0.0000,  0.0000,  0.0000,  0.0000,  0.0000,  0.0000,'      '   ',
  0.0000,  0.0000,  0.0000,  0.0000,  0.0000,  0.0000,  0.0000,  0.0000,  0.0000,  0.0000,'      '   ',
  0.0000,  0.0000,  0.0000,  0.0000,  0.0000,  0.0000,  0.0000,  0.0000,  0.0000,  0.0000,'      '   ',
  0.0000,  0.0000,  0.0000,  0.0000,  0.0000,  0.0000,  0.0000,  0.0000,  0.0000,  0.0000,'      '   ',
  0.0000,  0.0000,  0.0000,  0.0000,  0.0000,  0.0000,  0.0000,  0.0000,  0.0000,  0.0000,'      '   ',
  0.0000,  0.0000,  0.0000,  0.0000,  0.0000,  0.0000,  0.0000,  0.0000,  0.0000,  0.0000,'      '   ',
  0.0000,  0.0000,  0.0000,  0.0000,  0.0000,  0.0000,  0.0000,  0.0000,  0.0000,  0.0000,'      '   ',
  0.0000,  0.0000,  0.0000,  0.0000,  0.0000,  0.0000,  0.0000,  0.0000,  0.0000,  0.0000,'      '   ',
  0.0000,  0.0000,  0.0000,  0.0000,  0.0000,  0.0000,  0.0000,  0.0000,  0.0000,  0.0000,'      '   ',
  0.0000,  0.0000,  0.0000,  0.0000,  0.0000,  0.0000,  0.0000,  0.0000,  0.0000,  0.0000,'      '   ',
  0.0000,  0.0000,  0.0000,  0.0000,  0.0000,  0.0000,  0.0000,  0.0000,  0.0000,  0.0000,'      '   ',
  0.0000,  0.0000,  0.0000,  0.0000,  0.0000,  0.0000,  0.0000,  0.0000,  0.0000,  0.0000,'      '   ',
  0.0000,  0.0000,  0.0000,  0.0000,  0.0000,  0.0000,  0.0000,  0.0000,  0.0000,  0.0000,'      '   ',
  0.0000,  0.0000,  0.0000,  0.0000,  0.0000,  0.0000,  0.0000,  0.0000,  0.0000,  0.0000,'      '   ',
  0.0000,  0.0000,  0.0000,  0.0000,  0.0000,  0.0000,  0.0000,  0.0000,  0.0000,  0.0000,'      '   ',
  0.0000,  0.0000,  0.0000,  0.0000,  0.0000,  0.0000,  0.0000,  0.0000,  0.0000,  0.0000,'      '   ',
  0.0000,  0.0000,  0.0000,  0.0000,  0.0000,  0.0000,  0.0000,  0.0000,  0.0000,  0.0000,'      '   ',
  0.0000,  0.0000,  0.0000,  0.0000,  0.0000,  0.0000,  0.0000,  0.0000,  0.0000,  0.0000,'      '   ',
  0.0000,  0.0000,  0.0000,  0.0000,  0.0000,  0.0000,  0.0000,  0.0000,  0.0000,  0.0000,'      '   ',
  0.0000,  0.0000,  0.0000,  0.0000,  0.0000,  0.0000,  0.0000,  0.0000,  0.0000,  0.0000,'      '   ',
  0.0000,  0.0000,  0.0000,  0.0000,  0.0000,  0.0000,  0.0000,  0.0000,  0.0000,  0.0000,'      '   ',
  0.0000,  0.0000,  0.0000,  0.0000,  0.0000,  0.0000,  0.0000,  0.0000,  0.0000,  0.0000,'      '   ',
  0.0000,  0.0000,  0.0000,  0.0000,  0.0000,  0.0000,  0.0000,  0.0000,  0.0000,  0.0000,'      '   ',
  0.0000,  0.0000,  0.0000,  0.0000,  0.0000,  0.0000,  0.0000,  0.0000,  0.0000,  0.0000,'      '   ',
  0.0000,  0.0000,  0.0000,  0.0000,  0.0000,  0.0000,  0.0000,  0.0000,  0.0000,  0.0000,'      '   ',
  0.0000,  0.0000,  0.0000,  0.0000,  0.0000,  0.0000,  0.0000,  0.0000,  0.0000,  0.0000,'      '   ',
  0.0000,  0.0000,  0.0000,  0.0000,  0.0000,  0.0000,  0.0000,  0.0000,  0.0000,  0.0000,'      '   ',
  0.0000,  0.0000,  0.0000,  0.0000,  0.0000,  0.0000,  0.0000,  0.0000,  0.0000,  0.0000,'      '   ',
  0.0000,  0.0000,  0.0000,  0.0000,  0.0000,  0.0000,  0.0000,  0.0000,  0.0000,  0.0000,'      '   ',
  0.0000,  0.0000,  0.0000,  0.0000,  0.0000,  0.0000,  0.0000,  0.0000,  0.0000,  0.0000,'      '   ',
  0.0000,  0.0000,  0.0000,  0.0000,  0.0000,  0.0000,  0.0000,  0.0000,  0.0000,  0.0000,'      '   ',
  0.0000,  0.0000,  0.0000,  0.0000,  0.0000,  0.0000,  0.0000,  0.0000,  0.0000,  0.0000,'      '   ',
  0.0000,  0.0000,  0.0000,  0.0000,  0.0000,  0.0000,  0.0000,  0.0000,  0.0000,  0.0000,'      '   ',
  0.0000,  0.0000,  0.0000,  0.0000,  0.0000,  0.0000,  0.0000,  0.0000,  0.0000,  0.0000,'      '   ',
  0.0000,  0.0000,  0.0000,  0.0000,  0.0000,  0.0000,  0.0000,  0.0000,  0.0000,  0.0000,'      '   ',
  0.0000,  0.0000,  0.0000,  0.0000,  0.0000,  0.0000,  0.0000,  0.0000,  0.0000,  0.0000,'      '   ',
  0.0000,  0.0000,  0.0000,  0.0000,  0.0000,  0.0000,  0.0000,  0.0000,  0.0000,  0.0000,'      '   ',
  0.0000,  0.0000,  0.0000,  0.0000,  0.0000,  0.0000,  0.0000,  0.0000,  0.0000,  0.0000,'      '   ',
  0.0000,  0.0000,  0.0000,  0.0000,  0.0000,  0.0000,  0.0000,  0.0000,  0.0000,  0.0000,'      '   ',
  0.0000,  0.0000,  0.0000,  0.0000,  0.0000,  0.0000,  0.0000,  0.0000,  0.0000,  0.0000,'      '   ',
  0.0000,  0.0000,  0.0000,  0.0000,  0.0000,  0.0000,  0.0000,  0.0000,  0.0000,  0.0000,'      '   ',
  0.0000,  0.0000,  0.0000,  0.0000,  0.0000,  0.0000,  0.0000,  0.0000,  0.0000,  0.0000,'      '   ',
  0.0000,  0.0000,  0.0000,  0.0000,  0.0000,  0.0000,  0.0000,  0.0000,  0.0000,  0.0000,'      '   ',
  0.0000,  0.0000,  0.0000,  0.0000,  0.0000,  0.0000,  0.0000,  0.0000,  0.0000,  0.0000,'      '   ',
  0.0000,  0.0000,  0.0000,  0.0000,  0.0000,  0.0000,  0.0000,  0.0000,  0.0000,  0.0000,'      '   ',
  0.0000,  0.0000,  0.0000,  0.0000,  0.0000,  0.0000,  0.0000,  0.0000,  0.0000,  0.0000,'      '   ',
  0.0000,  0.0000,  0.0000,  0.0000,  0.0000,  0.0000,  0.0000,  0.0000,  0.0000,  0.0000,'      '   ',
  0.0000,  0.0000,  0.0000,  0.0000,  0.0000,  0.0000,  0.0000,  0.0000,  0.0000,  0.0000,'      '   ',
  0.0000,  0.0000,  0.0000,  0.0000,  0.0000,  0.0000,  0.0000,  0.0000,  0.0000,  0.0000,'      '   ',
  0.0000,  0.0000,  0.0000,  0.0000,  0.0000,  0.0000,  0.0000,  0.0000,  0.0000,  0.0000,'      '   ',
  0.0000,  0.0000,  0.0000,  0.0000,  0.0000,  0.0000,  0.0000,  0.0000,  0.0000,  0.0000,'      '   ',
  0.0000,  0.0000,  0.0000,  0.0000,  0.0000,  0.0000,  0.0000,  0.0000,  0.0000,  0.0000,'      '   ',
  0.0000,  0.0000,  0.0000,  0.0000,  0.0000,  0.0000,  0.0000,  0.0000,  0.0000,  0.0000,'      '   ',
  0.0000,  0.0000,  0.0000,  0.0000,  0.0000,  0.0000,  0.0000,  0.0000,  0.0000,  0.0000,'      '   ',
  0.0000,  0.0000,  0.0000,  0.0000,  0.0000,  0.0000,  0.0000,  0.0000,  0.0000,  0.0000,'      '   ',
  0.0000,  0.0000,  0.0000,  0.0000,  0.0000,  0.0000,  0.0000,  0.0000,  0.0000,  0.0000,'      '   ',
  0.0000,  0.0000,  0.0000,  0.0000,  0.0000,  0.0000,  0.0000,  0.0000,  0.0000,  0.0000,'      '   ',
  0.0000,  0.0000,  0.0000,  0.0000,  0.0000,  0.0000,  0.0000,  0.0000,  0.0000,  0.0000,'      '   ',
  0.0000,  0.0000,  0.0000,  0.0000,  0.0000,  0.0000,  0.0000,  0.0000,  0.0000,  0.0000,'      '   ',
  0.0000,  0.0000,  0.0000,  0.0000,  0.0000,  0.0000,  0.0000,  0.0000,  0.0000,  0.0000,'      '   ',
  0.0000,  0.0000,  0.0000,  0.0000,  0.0000,  0.0000,  0.0000,  0.0000,  0.0000,  0.0000,'      '   ',
  0.0000,  0.0000,  0.0000,  0.0000,  0.0000,  0.0000,  0.0000,  0.0000,  0.0000,  0.0000,'      '   ',
  0.0000,  0.0000,  0.0000,  0.0000,  0.0000,  0.0000,  0.0000,  0.0000,  0.0000,  0.0000,'      '   ',
  0.0000,  1.0000,  0.0000,  0.0000,  2.0000,  0.0000,  1.0000,  0.0000,  0.0000,  2.0000,' ºãµçÁ÷ ' ',
      0.000000,      0.020000,      1.000000,      1.000000,      0.030000,      0.030000,      0.030000,      0.030000,    233.000000,      0.020000,     10.000000,    -10.000000,      0.030000,      1.000000,      0.330000,     19.000000,      0.030000,    179.000000,   -161.000000,      1.000000,      1.600000,  99999.000000,      0.000625,      0.532167,      0.187000,      0.465000,  99999.000000, 1,      7.900000,     36.750000, 0,      0.000000,      0.000000,      0.000000,      0.000000,      0.000000,      0.000000,      0.000000, 0,      0.000000,      0.000000,      0.000000,      0.000000,      0.000000,      0.000000,      0.000000, 0,   9999.900000,  -9999.900000,   9999.900000,  -9999.900000,      0.000000,      0.000000,      0.000000,      0.000000,      0.000000,      0.000000,' bpavr310???',
      0.000000,      0.012000,      1.000000,      1.000000,      0.030000,      0.030000,      0.160000,      6.400000,    748.000000,      0.001000,      6.300000,    -56.600000,      0.000100,     10.000000,      1.000000,     90.000000,      0.030000,     70.800000,    -70.800000,      1.000000,      4.480000,  99999.000000,      0.000625,      0.415680,      0.240000,      1.510000,  99999.000000, 1,     20.000000,      6.680000, 0,      0.000000,      0.000000,      0.000000,      0.000000,      0.000000,      0.000000,      0.000000, 0,      0.000000,      0.000000,      0.000000,      0.000000,      0.000000,      0.000000,      0.000000, 0,   9999.900000,  -9999.900000,   9999.900000,  -9999.900000,      0.000000,      0.000000,      0.000000,      0.000000,      0.000000,      0.000000,' bpavr310?? X',
      0.000000,      0.020000,      1.000000,      1.000000,      0.030000,      0.030000,      1.000000,      5.000000,    100.000000,      0.020000,     10.000000,    -10.000000,      0.000100,     10.000000,      0.000000,      1.000000,      0.030000,      7.000000,     -7.000000,      1.000000,      0.500000,  99999.000000,      0.000625,      0.616131,      0.000000,      0.000000,  99999.000000, 1,      7.900000,      4.500000, 0,      0.000000,      0.000000,      0.000000,      0.000000,      0.000000,      0.000000,      0.000000, 0,      0.000000,      0.000000,      0.000000,      0.000000,      0.000000,      0.000000,      0.000000, 0,   9999.900000,  -9999.900000,   9999.900000,  -9999.900000,      0.000000,      0.000000,      0.000000,      0.000000,      0.000000,      0.000000,' bpavr310??¦³G2',
      0.000000,      0.020000,      1.000000,      1.000000,      0.030000,      0.030000,      1.000000,      5.000000,    100.000000,      0.020000,     10.000000,    -10.000000,      0.000100,     10.000000,      0.000000,      1.000000,      0.030000,      7.000000,     -7.000000,      1.000000,      0.500000,  99999.000000,      0.000625,      0.616131,      0.000000,      0.000000,  99999.000000, 1,      7.900000,      4.500000, 0,      0.000000,      0.000000,      0.000000,      0.000000,      0.000000,      0.000000,      0.000000, 0,      0.000000,      0.000000,      0.000000,      0.000000,      0.000000,      0.000000,      0.000000, 0,   9999.900000,  -9999.900000,   9999.900000,  -9999.900000,      0.000000,      0.000000,      0.000000,      0.000000,      0.000000,      0.000000,' bpavr310??¦³G1',
      0.000000,      0.020000,      5.300000,      0.000000,      5.000000,      5.000000,      0.430000,      0.040000,      1.000000,      0.010000,      3.194000,     -3.190000,      0.000000,      0.010000,      0.000000,      6.100000,      0.020000,     19.200000,    -14.000000,      1.000000,      0.350000,  99999.000000,      0.000107,      1.099106,      0.267000,      1.060000,      6.000000, 1,     20.000000,     20.000000, 0,      0.000000,      0.000000,      0.000000,      0.000000,      0.000000,      0.000000,      0.000000, 0,      0.000000,      0.000000,      0.000000,      0.000000,      0.000000,      0.000000,      0.000000, 0,   9999.900000,  -9999.900000,   9999.900000,  -9999.900000,      0.000000,      0.000000,      0.000000,      0.000000,      0.000000,      0.000000,' bpavr310??¡ä¡§G1',
      0.000000,      0.020000,      5.300000,      0.000000,      5.000000,      5.000000,      0.430000,      0.040000,      1.000000,      0.010000,      3.194000,     -3.190000,      0.000000,      0.010000,      0.000000,      6.100000,      0.020000,     19.200000,    -14.000000,      1.000000,      0.350000,  99999.000000,      0.000107,      1.099106,      0.267000,      1.060000,      6.000000, 1,     20.000000,     20.000000, 0,      0.000000,      0.000000,      0.000000,      0.000000,      0.000000,      0.000000,      0.000000, 0,      0.000000,      0.000000,      0.000000,      0.000000,      0.000000,      0.000000,      0.000000, 0,   9999.900000,  -9999.900000,   9999.900000,  -9999.900000,      0.000000,      0.000000,      0.000000,      0.000000,      0.000000,      0.000000,' bpavr310??¡ä¡§G2',
      0.000000,      0.015000,     25.000000,      1.000000,      5.000000,     30.000000,      0.300000,      0.030000,     19.050000,      0.010000,     30.000000,    -30.000000,      0.000000,      0.010000,      0.000000,      1.870000,      0.020000,     16.600000,    -14.000000,      1.000000,      2.000000,  99999.000000,      0.011354,      0.798925,      0.166000,      0.384000,      5.850000, 1,     20.000000,     20.000000, 0,      0.000000,      0.000000,      0.000000,      0.000000,      0.000000,      0.000000,      0.000000, 0,      0.000000,      0.000000,      0.000000,      0.000000,      0.000000,      0.000000,      0.000000, 0,   9999.900000,  -9999.900000,   9999.900000,  -9999.900000,      0.000000,      0.000000,      0.000000,      0.000000,      0.000000,      0.000000,' bpavr310?o??4',
      0.000000,      0.015000,     25.000000,      1.000000,      5.000000,     30.000000,      0.300000,      0.030000,     19.050000,      0.010000,     30.000000,    -30.000000,      0.000000,      0.010000,      0.000000,      1.870000,      0.020000,     16.600000,    -14.000000,      1.000000,      2.000000,  99999.000000,      0.011354,      0.798925,      0.166000,      0.384000,      5.850000, 1,     20.000000,     20.000000, 0,      0.000000,      0.000000,      0.000000,      0.000000,      0.000000,      0.000000,      0.000000, 0,      0.000000,      0.000000,      0.000000,      0.000000,      0.000000,      0.000000,      0.000000, 0,   9999.900000,  -9999.900000,   9999.900000,  -9999.900000,      0.000000,      0.000000,      0.000000,      0.000000,      0.000000,      0.000000,' bpavr310?o??1',
      0.000000,      0.015000,     25.000000,      1.000000,      5.000000,     30.000000,      0.300000,      0.030000,     19.050000,      0.010000,     30.000000,    -30.000000,      0.000000,      0.010000,      0.000000,      1.870000,      0.020000,     16.600000,    -14.000000,      1.000000,      2.000000,  99999.000000,      0.011354,      0.798925,      0.166000,      0.384000,      5.850000, 1,     20.000000,     20.000000, 0,      0.000000,      0.000000,      0.000000,      0.000000,      0.000000,      0.000000,      0.000000, 0,      0.000000,      0.000000,      0.000000,      0.000000,      0.000000,      0.000000,      0.000000, 0,   9999.900000,  -9999.900000,   9999.900000,  -9999.900000,      0.000000,      0.000000,      0.000000,      0.000000,      0.000000,      0.000000,' bpavr310?o??6',
      0.000000,      0.015000,     25.000000,      1.000000,      5.000000,     30.000000,      0.300000,      0.030000,     19.050000,      0.010000,     30.000000,    -30.000000,      0.000000,      0.010000,      0.000000,      1.870000,      0.020000,     16.600000,    -14.000000,      1.000000,      2.000000,  99999.000000,      0.011354,      0.798925,      0.166000,      0.384000,      5.850000, 1,     20.000000,     20.000000, 0,      0.000000,      0.000000,      0.000000,      0.000000,      0.000000,      0.000000,      0.000000, 0,      0.000000,      0.000000,      0.000000,      0.000000,      0.000000,      0.000000,      0.000000, 0,   9999.900000,  -9999.900000,   9999.900000,  -9999.900000,      0.000000,      0.000000,      0.000000,      0.000000,      0.000000,      0.000000,' bpavr310?o??5',
      0.000000,      0.015000,     25.000000,      1.000000,      5.000000,     30.000000,      0.300000,      0.030000,     19.050000,      0.010000,     30.000000,    -30.000000,      0.000000,      0.010000,      0.000000,      1.870000,      0.020000,     16.600000,    -14.000000,      1.000000,      2.000000,  99999.000000,      0.011354,      0.798925,      0.166000,      0.384000,      5.850000, 1,     20.000000,     20.000000, 0,      0.000000,      0.000000,      0.000000,      0.000000,      0.000000,      0.000000,      0.000000, 0,      0.000000,      0.000000,      0.000000,      0.000000,      0.000000,      0.000000,      0.000000, 0,   9999.900000,  -9999.900000,   9999.900000,  -9999.900000,      0.000000,      0.000000,      0.000000,      0.000000,      0.000000,      0.000000,' bpavr310?o??7',
      0.000000,      0.015000,     25.000000,      1.000000,      5.000000,     30.000000,      0.300000,      0.030000,     19.050000,      0.010000,     30.000000,    -30.000000,      0.000000,      0.010000,      0.000000,      1.870000,      0.020000,     16.600000,    -14.000000,      1.000000,      2.000000,  99999.000000,      0.011354,      0.798925,      0.166000,      0.384000,      5.850000, 1,     20.000000,     20.000000, 0,      0.000000,      0.000000,      0.000000,      0.000000,      0.000000,      0.000000,      0.000000, 0,      0.000000,      0.000000,      0.000000,      0.000000,      0.000000,      0.000000,      0.000000, 0,   9999.900000,  -9999.900000,   9999.900000,  -9999.900000,      0.000000,      0.000000,      0.000000,      0.000000,      0.000000,      0.000000,' bpavr310?o??3',
      0.000000,      0.015000,     25.000000,      1.000000,      5.000000,     30.000000,      0.300000,      0.030000,     19.050000,      0.010000,     30.000000,    -30.000000,      0.000000,      0.010000,      0.000000,      1.870000,      0.020000,     16.600000,    -14.000000,      1.000000,      2.000000,  99999.000000,      0.011354,      0.798925,      0.166000,      0.384000,      5.850000, 1,     20.000000,     20.000000, 0,      0.000000,      0.000000,      0.000000,      0.000000,      0.000000,      0.000000,      0.000000, 0,      0.000000,      0.000000,      0.000000,      0.000000,      0.000000,      0.000000,      0.000000, 0,   9999.900000,  -9999.900000,   9999.900000,  -9999.900000,      0.000000,      0.000000,      0.000000,      0.000000,      0.000000,      0.000000,' bpavr310?o??2',
      0.000000,      0.027400,      4.235000,      0.000000,      7.665000,      1.000000,      0.334000,      0.030000,      1.961000,      0.000100,      3.237000,     -1.510000,      0.000000,      0.030000,      0.000000,      1.000000,      0.020000,     10.000000,    -10.000000,      1.000000,      1.780000,  99999.000000,      0.003908,      0.028449,      0.000000,      0.000000,     99.990000, 1,     99.990000,     99.990000, 0,      0.000000,      0.000000,      0.000000,      0.000000,      0.000000,      0.000000,      0.000000, 0,      0.000000,      0.000000,      0.000000,      0.000000,      0.000000,      0.000000,      0.000000, 0,   9999.900000,  -9999.900000,   9999.900000,  -9999.900000,      0.000000,      0.000000,      0.000000,      0.000000,      0.000000,      0.000000,' bpavr310??a?G1',
      0.000000,      0.027400,      4.235000,      0.000000,      7.665000,      1.000000,      0.334000,      0.030000,      1.961000,      0.000100,      3.237000,     -1.510000,      0.000000,      0.030000,      0.000000,      1.000000,      0.020000,     10.000000,    -10.000000,      1.000000,      1.780000,  99999.000000,      0.003908,      0.028449,      0.000000,      0.000000,     99.990000, 1,     99.990000,     99.990000, 0,      0.000000,      0.000000,      0.000000,      0.000000,      0.000000,      0.000000,      0.000000, 0,      0.000000,      0.000000,      0.000000,      0.000000,      0.000000,      0.000000,      0.000000, 0,   9999.900000,  -9999.900000,   9999.900000,  -9999.900000,      0.000000,      0.000000,      0.000000,      0.000000,      0.000000,      0.000000,' bpavr310??a?G2',
      0.000000,      0.020000,      1.000000,      1.000000,      0.800000,     10.000000,      0.150000,      0.150000,     25.000000,      0.003000,      0.984800,     -0.866000,      0.000000,      0.150000,      0.081000,    141.000000,      0.003000,     59.300000,    -52.000000,      1.000000,      1.640000,  99999.000000,      0.007512,      0.434905,      0.188000,      0.468000,      6.520000, 1,     15.000000,     15.000000, 0,      0.000000,      0.000000,      0.000000,      0.000000,      0.000000,      0.000000,      0.000000, 0,      0.000000,      0.000000,      0.000000,      0.000000,      0.000000,      0.000000,      0.000000, 0,   9999.900000,  -9999.900000,   9999.900000,  -9999.900000,      0.000000,      0.000000,      0.000000,      0.000000,      0.000000,      0.000000,' bpavr310??a?G3',
      0.000000,      0.020000,      1.000000,      1.000000,      0.800000,     10.000000,      0.150000,      0.150000,     25.000000,      0.003000,      0.984800,     -0.866000,      0.000000,      0.150000,      0.081000,    141.000000,      0.003000,     59.300000,    -52.000000,      1.000000,      1.640000,  99999.000000,      0.007512,      0.434905,      0.188000,      0.468000,      6.520000, 1,     15.000000,     15.000000, 0,      0.000000,      0.000000,      0.000000,      0.000000,      0.000000,      0.000000,      0.000000, 0,      0.000000,      0.000000,      0.000000,      0.000000,      0.000000,      0.000000,      0.000000, 0,   9999.900000,  -9999.900000,   9999.900000,  -9999.900000,      0.000000,      0.000000,      0.000000,      0.000000,      0.000000,      0.000000,' bpavr310??a?G4',
      0.000000,      0.005300,      0.005300,      0.010000,      4.400000,  99999.000000,      0.000000,      0.003000,      0.100000,      0.100000,      1.000000,      1.000000,      0.030000,     -0.030000,'   bpapss2',
      0.000000,      0.227300,      0.000000,      0.020000,      3.000000,  99999.000000,      0.200000,      5.000000,      0.100000,      0.040000,      0.100000,      0.010000,      0.050000,     -0.050000,'   bpapss2',
      0.000000,      1.867200,      1.867200,      0.020000,      1.500000,  99999.000000,      0.120000,      4.000000,      0.240000,      4.000000,      0.800000,      0.040000,      0.050000,     -0.050000,'   bpapss2',
      0.000000,      0.051000,      0.051000,      0.030000,      4.000000,  99999.000000,      0.100000,      0.100000,      0.250000,      1.150000,      0.300000,      0.080000,      0.050000,     -0.050000,'   bpapss2',
      0.000000,      0.106000,      0.106000,      2.000000,      4.000000,  99999.000000,      0.100000,      0.020000,      0.150000,      0.015000,      0.010000,      0.010000,      0.050000,     -0.050000,'   bpapss2',
      0.000000,      0.446000,      0.446000,      0.020000,      4.000000,  99999.000000,      0.200000,      0.400000,      0.200000,      0.400000,      0.010000,      0.010000,      0.050000,     -0.050000,'   bpapss2',
      0.000000,      0.322000,      0.322000,      0.020000,      0.600000,  99999.000000,      0.200000,      0.400000,      0.200000,      0.400000,      0.010000,      0.010000,      0.050000,     -0.050000,'   bpapss2',
      0.001330,     20.000000,      0.020000,1,      0.035000,      0.000000,      0.071400,      1.000000,     -1.000000,      1.000000,     -1.000000,1,      0.003000,     -0.003000,2,      0.240000,      0.000000,      0.208300,      1.000000,     -1.000000,      1.000000,     -1.000000,      1.500000,     -2.000000,      0.570000,      0.665000,     -1.500000,      1.750000,      1.070000,     -0.700000,      0.020000,      1.000000,      0.000000,      0.000000,      1.000000,     -1.000000,      1.000000,     -1.000000,      0.263300,      0.285700,     12.320000,      0.480600,      0.303400,      0.233700,      0.707000,      0.010000,      0.010000,      0.010000,      0.000000,      0.010000,      0.000000,      0.000000,'   bpaGOV3',
      0.001300,     20.000000,      0.020000,1,      1.000000,      0.000000,      0.200000,      1.000000,     -1.000000,      1.100000,     -1.000000,2,      0.004000,     -0.004000,2,      0.500000,      0.000000,      0.200000,      1.000000,     -1.000000,      1.000000,     -1.000000,      1.000000,     -1.000000,      0.771000,      0.810000,     -0.010000,      1.000000,      1.000000,      0.000000,      0.020000,      1.500000,      0.000000,      0.000000,      1.000000,     -1.000000,      1.000000,     -1.000000,      0.617000,      0.300000,      4.516000,      0.400000,      0.796600,      0.300000,      0.090000,      0.010000,      0.010000,      0.010000,      0.000000,      0.010000,      0.000000,      0.000000,'   bpaGOV3',
      0.001320,     20.000000,      0.020000,1,      0.500000,      0.000000,      6.000000,      0.000000,      0.000000,      0.000000,      0.000000,2,      0.004000,     -0.004000,2,      2.000000,      0.000000,     18.000000,      0.000000,      0.000000,      0.000000,      0.000000,      0.000000,      0.000000,      0.287000,      0.163000,     -1.000000,      1.000000,      1.040000,      0.040000,      0.020000,      1.000000,      0.000000,      0.000000,      0.000000,      0.000000,      0.000000,      0.000000,      0.569200,      0.300000,     10.990000,      0.400000,      0.213200,      0.300000,      0.260000,      0.010000,      0.010000,      0.010000,      0.000000,      0.010000,      0.000000,      0.000000,'   bpaGOV3',
      0.001330,     25.000000,      0.216000,1,      0.800000,      0.000000,      0.200000,      1.000000,     -1.000000,      1.000000,     -1.000000,1,      0.003000,     -0.003000,2,      1.000000,      0.000000,      0.000000,      1.000000,     -1.000000,      1.000000,     -1.000000,      1.500000,     -2.000000,      0.130000,      0.243000,     -1.000000,      1.000000,      1.050000,     -0.050000,      0.010000,      1.000000,      0.000000,      0.000000,      1.000000,     -1.000000,      1.000000,     -1.000000,      0.500000,      0.400000,      7.000000,      0.600000,      0.000000,      0.000000,      0.500000,      0.010000,      0.010000,      0.010000,      0.000000,      0.010000,      0.000000,      0.000000,'   bpaGOV3',
      0.001330,     20.000000,      0.020000,1,      0.600000,      0.000000,      0.083300,      1.000000,     -1.000000,      1.000000,     -1.000000,1,      0.003600,     -0.004000,2,      0.500000,      0.000000,      0.083300,      1.000000,     -1.000000,      1.000000,     -1.000000,      1.500000,     -2.000000,      0.174000,      0.240000,     -1.000000,      1.000000,      1.000000,      0.000000,      0.020000,      1.000000,      0.000000,      0.000000,      1.000000,     -1.000000,      1.000000,     -1.000000,      0.617000,      0.252600,      7.947000,      0.217500,      0.250400,      0.529900,      0.650000,      0.010000,      0.010000,      0.010000,      0.000000,      0.010000,      0.000000,      0.000000,'   bpaGOV3',
      0.001330,      1.000000,      0.020000,1,      0.600000,      0.000000,      0.083300,      1.000000,     -1.000000,      1.000000,     -1.000000,1,      0.003600,     -0.004000,2,      0.500000,      0.000000,      0.083300,      1.000000,     -1.000000,      1.000000,     -1.000000,      1.500000,     -2.000000,      0.665000,      0.490000,     -1.000000,      1.000000,      1.050000,     -0.070000,      0.020000,      1.000000,      0.000000,      0.000000,      1.000000,     -1.000000,      1.000000,     -1.000000,      0.162600,      0.252600,      3.787000,      0.217500,      0.369600,      0.529900,      0.650000,      0.010000,      0.010000,      0.010000,      0.000000,      0.010000,      0.000000,      0.000000,'   bpaGOV3',
      0.001330,     20.000000,      0.020000,1,      0.600000,      0.000000,      0.083300,      1.000000,     -1.000000,      1.000000,     -1.000000,1,      0.003600,     -0.004000,2,      0.600000,      0.000000,      0.083300,      1.000000,     -1.000000,      1.000000,     -1.000000,      1.500000,     -2.000000,      0.297000,      0.683000,     -1.000000,      1.000000,      1.050000,     -0.070000,      0.020000,      1.000000,      0.000000,      0.000000,      1.000000,     -1.000000,      1.000000,     -1.000000,      0.106800,      0.252600,      9.486000,      0.217500,      0.363300,      0.529900,      0.650000,      0.010000,      0.010000,      0.010000,      0.000000,      0.010000,      0.000000,      0.000000,'   bpaGOV3',
      0.001330,     20.000000,      0.020000,1,      0.240000,      0.000000,      0.166700,      1.000000,      0.000000,      1.000000,     -1.000000,2,      0.004000,     -0.004000,2,      0.800000,      0.000000,      0.066000,      1.000000,      0.000000,      1.000000,      0.000000,      1.000000,      0.000000,      0.129000,      0.223000,     -1.000000,      1.000000,      1.000000,      0.000000,      0.020000,      1.000000,      0.000000,      0.000000,      1.000000,     -1.000000,      1.000000,     -1.000000,      0.221000,      0.294500,      9.380000,      0.272300,      4.157000,      0.433200,      0.814000,      0.010000,      0.010000,      0.010000,      0.000000,      0.010000,      0.000000,      0.000000,'   bpaGOV3',
      0.001330,     20.000000,      0.020000,1,      0.450000,      0.000000,      0.250000,      1.000000,     -1.000000,      1.000000,     -1.000000,2,      0.005000,     -0.005000,2,      0.040000,      0.000000,      3.000000,      1.000000,     -1.000000,      1.000000,     -1.000000,      1.000000,     -1.000000,      0.027000,      0.094000,     -1.000000,      1.000000,      1.050000,      0.000000,      0.020000,      1.000000,      0.000000,      0.000000,      1.000000,     -1.000000,      1.000000,     -1.000000,      4.474000,      0.707700,    308.100010,      0.292300,      0.000000,      0.000000,      0.000000,      0.010000,      0.010000,      0.010000,      0.000000,      0.010000,      0.000000,      0.000000,'   bpaGOV3',
      0.000600,     20.000000,      0.020000,1,      0.450000,      0.000000,      4.000000,      1.000000,     -1.000000,      1.000000,     -1.000000,1,      0.005000,     -0.005000,2,      0.040000,      0.000000,      3.000000,      1.000000,     -1.000000,      1.000000,     -1.000000,      1.000000,     -1.000000,      0.027000,      0.094000,     -1.000000,      1.000000,      1.050000,      0.000000,      0.020000,      1.000000,      0.000000,      0.000000,      1.000000,     -1.000000,      1.000000,     -1.000000,      4.474000,      0.707700,    308.100010,      0.292300,      0.000000,      0.000000,      0.000000,      0.010000,      0.010000,      0.010000,      0.000000,      0.010000,      0.000000,      0.000000,'   bpaGOV3',
      0.002000,      0.001200,     22.220000,3,      0.500000,      0.000000,      0.180000,      0.000000,      0.000000,      0.000000,      0.000000,      1.200000,      0.003000,     -0.003000,      0.380000,      0.410000,     -1.200000,      1.270000,      1.110000,      0.030000,      0.020000,      2.000000,      0.000000,      0.000000,      1.000000,     -1.000000,      1.000000,     -1.000000,      0.189700,      0.289700,     19.100000,      0.231600,      0.878000,      0.478700,      0.603000,      0.010000,      0.010000,      0.010000,      0.000000,      0.010000,      0.000000,      0.000000,'   bpaGOV4',
      0.020000,      0.001300,     20.000000,3,      0.650000,      0.000000,      0.245000,      0.000000,      0.000000,      0.000000,      0.000000,      0.000000,      0.050000,     -0.050000,      0.200000,      0.173000,     -1.000000,      1.000000,      1.030000,      0.000000,      0.118000,      1.000000,      0.000000,      0.000000,      0.000000,      0.000000,      0.000000,      0.000000,      0.722500,      0.411300,      1.537000,      0.588700,      0.000000,      0.000000,      0.000000,      0.010000,      0.010000,      0.010000,      0.000000,      0.010000,      0.000000,      0.000000,'   bpaGOV4',
      0.020000,      0.001320,     19.960000,2,      0.035000,      1.400000,      0.000000,      0.000000,      0.000000,      0.000000,      0.000000,      0.000000,      0.000000,      0.000000,      0.328000,      0.338000,     -2.900000,      3.050000,      1.100000,     -0.700000,      0.020000,      3.000000,      0.000000,      1.900000,      0.000000,      0.000000,      0.000000,      0.000000,      0.350000,      0.283000,     12.110000,      0.246000,      0.402000,      0.471000,      0.590000,      0.010000,      0.010000,      0.010000,      0.000000,      0.010000,      0.000000,      0.000000,'   bpaGOV4',
      0.006000,      0.001330,     28.710000,3,      1.000000,      0.000000,      0.125000,      1.000000,     -1.000000,     10.000000,    -10.000000,      1.000000,      0.004000,     -0.004000,      0.391000,      0.268000,     -1.000000,      1.000000,      1.050000,     -0.050000,      0.020000,      1.000000,      0.000000,      0.000000,      1.000000,     -1.000000,     10.000000,    -10.000000,      2.095000,      1.000000,      0.000000,      0.000000,      0.000000,      0.000000,      0.000000,      0.010000,      0.010000,      0.010000,      0.000000,      0.010000,      0.000000,      0.000000,'   bpaGOV4',
      0.020000,      0.001330,     20.000000,3,      0.150000,      0.000000,      0.025000,      1.000000,     -1.000000,      1.000000,     -1.000000,      1.000000,      0.003000,     -0.003000,      0.274000,      0.584000,     -0.010000,      1.000000,      1.000000,      0.000000,      0.020000,      1.000000,      0.000000,      0.000000,      1.000000,     -1.000000,      1.000000,     -1.000000,      0.613000,      0.306500,     20.050000,      0.383100,      2.680000,      0.310400,      0.600000,      0.010000,      0.010000,      0.010000,      0.000000,      0.010000,      0.000000,      0.000000,'   bpaGOV4',
      0.020000,      0.001330,     25.000000,3,      0.150000,      0.000000,      0.125000,      1.000000,     -1.000000,      1.000000,     -1.000000,      1.000000,      0.003000,     -0.003000,      0.081000,      0.069000,     -1.000000,      1.000000,      1.050000,     -0.050000,      0.020000,      1.000000,      0.000000,      0.000000,      1.000000,     -1.000000,      1.000000,     -1.000000,      7.245000,      1.000000,      0.000000,      0.000000,      0.000000,      0.000000,      0.000000,      0.010000,      0.010000,      0.010000,      0.000000,      0.010000,      0.000000,      0.000000,'   bpaGOV4',
      0.006000,      0.001300,     22.850000,1,      1.000000,      0.000000,      0.125000,      1.000000,     -1.000000,     10.000000,    -10.000000,      0.000000,   9999.000000,   -999.000000,      0.380000,      0.250000,     -1.000000,      1.000000,      1.000000,      0.000000,      0.020000,      2.500000,      0.000000,      0.120000,      1.000000,     -1.000000,     10.000000,    -10.000000,      2.940000,      1.000000,      0.010000,      0.000000,      0.010000,      0.000000,      0.000000,      0.010000,      0.010000,      0.010000,      0.000000,      0.010000,      0.000000,      0.000000,'   bpaGOV4',
      0.020000,      0.001330,     20.000000,1,      1.200000,      0.000000,      0.167000,      1.000000,     -1.000000,      1.000000,     -1.000000,      1.000000,      0.003000,     -0.003000,      0.130000,      1.140000,    -14.000000,      1.700000,      1.050000,      0.000000,      0.020000,     15.000000,      0.000000,      0.000000,      1.000000,     -1.000000,     10.000000,    -10.000000,      0.568000,      0.304000,     19.860000,      0.352000,      0.401000,      0.344000,      0.990000,      0.010000,      0.010000,      0.010000,      0.000000,      0.010000,      0.000000,      0.000000,'   bpaGOV4',
      0.020000,      0.001330,     20.000000,3,      0.250000,      0.000000,      0.100000,      1.000000,     -1.000000,      1.000000,     -1.000000,      0.020000,      0.004000,     -0.004000,      0.183000,      0.212000,     -1.000000,      1.000000,      1.050000,     -0.050000,      0.032000,      1.000000,      0.000000,      0.000000,      1.000000,     -1.000000,      0.065000,     -0.370000,      0.281000,      0.299500,      9.950000,      0.287000,      0.986000,      0.413500,      0.786000,      0.010000,      0.010000,      0.010000,      0.000000,      0.010000,      0.000000,      0.000000,'   bpaGOV4',
      0.020000,      0.001330,     20.000000,3,      0.050000,      0.000000,      0.025000,      1.000000,     -1.000000,      1.000000,     -1.000000,      0.020000,      0.004000,     -0.004000,      0.197000,      0.232000,     -1.000000,      1.000000,      1.050000,     -0.050000,      0.040000,      1.000000,      0.000000,      0.000000,      1.000000,     -1.000000,      0.180000,     -0.200000,      0.188000,      0.301000,      8.480000,      0.284300,      0.465000,      0.414700,      0.617000,      0.010000,      0.010000,      0.010000,      0.000000,      0.010000,      0.000000,      0.000000,'   bpaGOV4',
      0.020000,      0.001330,     20.000000,3,      0.050000,      0.000000,      0.025000,      1.000000,     -1.000000,      1.000000,     -1.000000,      0.020000,      0.004000,     -0.004000,      0.223000,      0.145000,     -1.000000,      1.000000,      1.050000,     -0.050000,      0.039000,      1.000000,      0.000000,      0.000000,      1.000000,     -1.000000,      0.150000,     -0.220000,      0.184600,      0.301000,      8.717000,      0.284300,      0.516400,      0.414700,      0.617000,      0.010000,      0.010000,      0.010000,      0.000000,      0.010000,      0.000000,      0.000000,'   bpaGOV4',
      0.020000,      0.001330,     20.000000,3,      0.300000,      0.000000,      0.100000,      1.000000,     -1.000000,      1.000000,     -1.000000,      0.000000,      0.004000,     -0.004000,      0.256000,      0.499000,     -0.010000,      1.000000,      1.000000,      0.050000,      0.020000,      3.000000,      0.000000,      1.900000,      2.000000,     -2.000000,      2.000000,     -2.000000,      0.200000,      0.330000,     10.000000,      0.670000,      0.000000,      0.000000,      0.000000,      0.010000,      0.010000,      0.010000,      0.000000,      0.010000,      0.000000,      0.000000,'   bpaGOV4',
      0.020000,      0.001330,     19.900000,3,      0.300000,      0.000000,      0.100000,      1.000000,     -1.000000,      1.000000,     -1.000000,      0.000000,      0.002000,     -0.002000,      0.521000,      0.387000,     -1.000000,      1.000000,      1.050000,      0.000000,      0.020000,      5.000000,      0.000000,      0.000000,      2.000000,     -2.000000,      2.000000,     -2.000000,      5.189000,      0.713300,    395.799990,      0.138900,      0.465000,      0.147800,      0.000000,      0.010000,      0.010000,      0.010000,      0.000000,      0.010000,      0.000000,      0.000000,'   bpaGOV4',
      0.020000,      0.001330,     18.900000,3,      0.300000,      0.000000,      0.100000,      1.000000,     -1.000000,      1.000000,     -1.000000,      0.000000,      0.003100,     -0.003000,      0.497000,      0.183000,     -1.000000,      1.000000,      1.050000,      0.000000,      0.020000,      3.000000,      0.000000,      0.000000,      2.000000,     -2.000000,      2.000000,     -2.000000,      5.189000,      0.713300,    395.799990,      0.138900,      0.465000,      0.147800,      0.000000,      0.010000,      0.010000,      0.010000,      0.000000,      0.010000,      0.000000,      0.000000,'   bpaGOV4',
      0.020000,      0.001330,     19.700000,3,      0.300000,      0.000000,      0.100000,      1.000000,     -1.000000,      1.000000,     -1.000000,      0.000000,      0.003000,     -0.003000,      0.527000,      0.333000,     -1.000000,      1.000000,      1.050000,      0.000000,      0.020000,      3.000000,      0.000000,      0.000000,      2.000000,     -2.000000,      2.000000,     -2.000000,      5.189000,      0.713300,    395.799990,      0.138900,      0.465000,      0.147800,      0.000000,      0.010000,      0.010000,      0.010000,      0.000000,      0.010000,      0.000000,      0.000000,'   bpaGOV4',
      0.020000,      5.000000,      5.000000,      5.000000,      0.560000,      0.020000,      1.000000,      5.000000,      5.000000,      1.000000,      0.200000,      0.100000,      0.100000,      1.000000,      8.000000,      0.150000,      0.020000,      0.000000,      0.000000,      0.200000,      0.020000,      0.100000,     -0.100000,'   bpaPSS4',
      0.020000,      6.000000,      6.000000,      3.000000,      0.008500,      0.020000,      0.330000,      5.000000,      5.000000,      1.000000,      0.200000,      0.100000,      0.100000,      1.000000,     10.000000,      0.320000,      0.010000,      0.500000,      0.500000,      0.080000,      0.010000,      0.100000,     -0.100000,'   bpaPSS4',
      0.020000,      4.000000,      4.000000,      4.000000,      0.290000,      0.020000,      1.000000,      4.000000,      4.000000,      1.000000,      0.200000,      0.100000,      0.100000,      1.000000,      6.000000,      0.300000,      0.040000,      0.130000,      0.030000,      0.130000,      0.030000,      0.050000,     -0.050000,'   bpaPSS4',
      0.020000,      4.000000,      4.000000,      4.000000,      0.000500,      0.020000,      1.000000,      4.000000,      4.000000,      1.000000,      0.500000,      0.100000,      0.100000,      1.000000,      5.400000,      0.250000,      0.020000,      0.010000,      0.010000,      0.060000,      0.010000,      0.050000,     -0.050000,'   bpaPSS4',
      0.000000,      4.000000,      4.000000,      4.000000,      0.007800,      4.000000,      1.000000,      0.005000,      4.000000,      1.000000,      0.600000,      0.120000,      0.120000,      1.000000,      6.180000,      0.150000,      0.020000,      0.100000,      0.020000,      0.000000,      0.000000,      0.050000,     -0.050000,'   bpaPSS4',
      0.020000,      5.000000,      5.000000,      3.000000,      0.003600,      0.020000,      1.000000,      3.000000,      5.000000,      1.000000,      0.000000,      0.100000,      0.100000,      1.000000,      8.200000,      0.120000,      0.050000,      0.150000,      0.010000,      0.000000,      0.000000,      0.050000,     -0.050000,'   bpaPSS4',
      0.020000,      3.000000,      3.000000,      3.000000,      0.014500,      0.020000,      1.000000,      3.000000,      3.000000,      1.000000,      0.500000,      0.100000,      0.100000,      1.000000,     14.000000,      0.120000,      0.040000,      0.120000,      0.020000,      5.000000,      8.000000,      0.050000,     -0.050000,'   bpaPSS4',
      0.020000,      6.000000,      6.000000,      6.000000,      0.029300,      0.020000,      1.000000,      6.000000,      6.000000,      1.000000,      0.600000,      0.120000,      0.120000,      1.000000,      4.000000,      0.190000,      0.020000,      0.000000,      0.000000,      0.300000,      0.030000,      0.100000,     -0.100000,'   bpaPSS4',
      0.000000,      4.000000,      4.000000,      4.000000,      0.072500,      0.000000,      0.330000,      4.000000,      4.000000,      1.000000,      0.200000,      0.100000,      0.100000,      1.000000,     14.590000,      0.150000,      0.020000,      0.000000,      0.000000,      0.100000,      0.010000,      0.050000,     -0.050000,'   bpaPSS4',
      0.000000,      4.000000,      4.000000,      4.000000,      0.027000,      0.000000,      1.000000,      4.000000,      4.000000,      1.000000,      0.200000,      0.100000,      0.100000,      1.000000,      8.900000,      0.200000,      0.020000,      0.001000,      0.001000,      0.130000,      0.020000,      0.050000,     -0.050000,'   bpaPSS4',
      0.000000,      4.000000,      4.000000,      4.000000,      0.057800,      0.000000,      1.000000,      4.000000,      4.000000,      1.000000,      0.200000,      0.100000,      0.100000,      1.000000,      8.900000,      0.200000,      0.020000,      0.001000,      0.001000,      0.130000,      0.020000,      0.050000,     -0.050000,'   bpaPSS4',
      0.000000,      2.000000,      2.000000,      3.000000,      0.009900,      0.000000,      1.000000,      3.000000,      2.000000,      1.000000,      0.200000,      0.100000,      0.100000,      1.000000,      4.020000,      0.260000,      0.020000,      0.160000,      0.010000,      0.400000,      0.020000,      0.050000,     -0.050000,'   bpaPSS4',
      0.000000,      4.000000,      4.000000,      4.000000,      0.174800,      0.000000,      0.390000,      4.000000,      4.000000,      1.000000,      0.200000,      0.100000,      0.100000,      1.000000,      7.940000,      0.300000,      0.020000,      0.000000,      0.000000,      0.100000,      0.010000,      0.050000,     -0.050000,'   bpaPSS4',
      0.020000,      4.000000,      4.000000,      4.000000,      0.087400,      0.020000,      0.390000,      4.000000,      4.000000,      1.000000,      0.200000,      0.100000,      0.100000,      1.000000,      9.750000,      0.200000,      0.020000,      0.000000,      0.000000,      0.100000,      0.020000,      0.050000,     -0.050000,'   bpaPSS4',
      0.000000,      6.000000,      6.000000,      6.000000,      0.650000,      0.000000,      1.000000,      6.000000,      6.000000,      1.000000,      0.200000,      0.100000,      0.100000,      1.000000,      8.500000,      0.200000,      0.020000,      0.150000,      0.020000,      0.100000,      0.010000,      0.050000,     -0.050000,'   bpaPSS4',
      0.020000,      3.000000,      3.000000,      3.000000,      0.040800,      0.020000,      0.380000,      3.000000,      3.000000,      1.000000,      0.500000,      0.100000,      0.100000,      1.000000,      5.860000,      0.180000,      0.020000,      0.000000,      0.000000,      0.220000,      0.030000,      0.050000,     -0.050000,'   bpaPSS4',
      0.010000,      4.000000,      4.000000,      4.000000,      0.500000,      0.020000,      1.000000,      4.000000,      4.000000,      1.000000,      0.000000,      0.100000,      0.100000,      1.000000,      8.000000,      0.320000,      0.600000,      0.320000,      0.010000,      0.320000,      0.010000,      0.050000,     -0.050000,'   bpaPSS4',
      0.020000,      4.000000,      4.000000,      4.000000,      0.500000,      0.020000,      1.000000,      4.000000,      4.000000,      1.000000,      0.000000,      0.100000,      0.100000,      1.000000,      9.000000,      0.900000,      1.500000,      0.200000,      0.020000,      0.200000,      0.020000,      0.050000,     -0.050000,'   bpaPSS4',
      0.020000,      4.000000,      4.000000,      4.000000,      0.500000,      0.020000,      1.000000,      4.000000,      4.000000,      1.000000,      0.000000,      0.100000,      0.100000,      1.000000,      8.000000,      0.320000,      0.600000,      0.320000,      0.010000,      0.320000,      0.010000,      0.050000,     -0.050000,'   bpaPSS4',
      0.020000,      5.000000,      5.000000,      5.000000,      1.000000,      0.020000,      0.800000,      5.000000,      5.000000,      1.000000,      0.000000,      0.100000,      0.100000,      1.000000,      3.000000,      0.180000,      0.010000,      0.200000,      0.010000,      0.000000,      0.000000,      0.050000,     -0.050000,'   bpaPSS4',
      0.020000,      5.000000,      5.000000,      5.000000,      1.000000,      0.020000,      0.800000,      5.000000,      5.000000,      1.000000,      0.000000,      0.000000,      0.100000,      1.000000,      4.000000,      0.250000,      0.010000,      0.250000,      0.010000,      0.000000,      0.000000,      0.050000,     -0.050000,'   bpaPSS4',
      0.020000,      4.000000,      4.000000,      4.000000,      1.000000,      0.020000,      1.000000,      4.000000,      4.000000,      1.000000,      0.000000,      0.100000,      0.100000,      1.000000,      5.300000,      0.300000,      0.020000,      0.070000,      0.020000,      0.000000,      0.000000,      0.050000,     -0.050000,'   bpaPSS4',
      0.020000,      6.000000,      6.000000,      3.000000,      1.000000,      0.020000,      1.000000,      3.000000,      6.000000,      1.000000,      0.200000,      0.100000,      0.100000,      1.000000,     16.100000,      0.400000,      0.010000,      0.000000,      0.000000,      2.600000,      6.000000,      0.050000,     -0.050000,'   bpaPSS4',
      0.020000,      6.000000,      6.000000,      3.000000,      1.000000,      0.020000,      1.000000,      3.000000,      6.000000,      1.000000,      0.200000,      0.100000,      0.100000,      1.000000,     18.000000,      0.320000,      0.010000,      0.000000,      0.000000,      2.800000,      6.000000,      0.050000,     -0.050000,'   bpaPSS4',
      0.020000,      3.000000,      3.000000,      3.000000,      1.000000,      0.020000,      0.230000,      3.000000,      3.000000,      1.000000,      0.000000,      0.100000,      0.100000,      1.000000,      8.000000,      0.300000,      0.040000,      0.130000,      0.030000,      0.000000,      0.000000,      0.050000,     -0.050000,'   bpaPSS4',
      0.020000,      0.000000,      0.000000,      0.000000,      0.000000,      1.000000,      0.230000,      0.000000,      3.000000,      0.000000,      0.000000,      0.000000,      0.000000,      1.000000,      1.200000,      0.100000,      0.030000,      0.350000,      2.500000,      0.000000,      0.000000,      0.050000,     -0.050000,'   bpaPSS4',
      0.020000,      4.000000,      4.000000,      4.000000,      1.000000,      0.000000,      0.420000,      4.000000,      4.000000,      1.000000,      0.000000,      0.100000,      0.100000,      1.000000,      7.000000,      0.300000,      0.030000,      0.130000,      0.030000,      1.000000,      1.300000,      0.050000,     -0.050000,'   bpaPSS4',
      0.000000,      4.000000,      4.000000,      4.000000,      0.128700,      0.000000,      0.420000,      4.000000,      4.000000,      1.000000,      0.000000,      0.100000,      0.100000,      1.000000,      9.000000,      0.300000,      0.030000,      0.130000,      0.030000,      1.000000,      1.300000,      0.050000,     -0.050000,'   bpaPSS4',
      0.020000,      6.000000,      6.000000,      6.000000,      0.652000,      0.020000,      1.000000,      6.000000,      6.000000,      1.000000,      0.600000,      0.120000,      0.120000,      1.000000,      6.000000,      0.200000,      0.030000,      0.100000,      0.010000,      0.300000,      0.030000,      0.050000,     -0.050000,'   bpaPSS4',
